fold 1
train : [0.7, 0.3, 0.5, 0.5, 0.6, 0.3, 0.8, 0.4, 0.6, 0.7, 0.6, 0.3, 0.5, 0.3, 0.9, 0.5, 0.5, 0.5, 0.8, 0.6, 0.4, 0.5, 0.5, 0.6, 0.6, 0.7, 0.3, 0.5, 0.4, 0.8, 0.7, 0.5, 0.6, 0.6, 0.7, 0.7, 0.7, 0.6, 1.0, 0.2, 0.5, 0.7, 0.6, 0.6, 0.4, 0.4, 0.5, 0.4, 0.3, 0.6, 0.9, 0.9, 0.7, 0.7, 0.4, 0.5, 0.8, 0.8, 0.4, 0.7, 0.7, 0.5, 0.8, 0.6, 0.8, 0.7, 0.7, 0.6, 0.6, 0.9, 0.8, 0.8, 0.8, 0.5, 0.8, 0.7, 0.8, 0.5, 0.5, 0.7, 1.0, 0.9, 0.8, 0.6, 0.7, 0.2, 0.8, 0.8, 1.0, 0.9, 0.5, 0.8, 0.8, 0.6, 0.7, 0.6, 0.8, 0.9, 0.9, 0.8, 0.9, 0.9, 0.8, 0.7, 0.7, 0.8, 0.8, 0.6, 0.7, 0.6, 1.0, 0.5, 0.8, 0.8, 0.9, 0.9, 0.8, 1.0, 0.9, 0.4, 0.7, 0.8, 0.9, 0.7, 0.7, 0.6, 0.6, 0.8, 0.8, 0.6, 0.9, 0.8, 1.0, 1.0, 0.9, 1.0, 0.9, 0.8, 0.7, 0.6, 0.9, 0.9, 0.9, 0.9, 0.9, 0.8, 1.0, 0.8, 0.8, 0.9, 0.9, 0.8, 0.9, 0.9, 1.0, 0.7, 0.9, 1.0, 1.0, 0.8, 1.0, 1.0, 0.8, 1.0, 0.9, 1.0, 0.8, 0.9, 1.0, 0.7, 0.8, 0.8, 0.9, 1.0, 0.6, 0.9, 1.0, 0.9, 0.8, 1.0, 0.8, 0.6, 0.8, 1.0, 0.9, 0.7, 0.9, 1.0, 0.8, 1.0, 0.9, 0.8, 1.0, 1.0, 0.9, 0.9, 0.9, 0.7, 0.9, 1.0]
valid : [0.5, 0.5, 0.5, 0.5, 0.5, 0.5, 0.5, 0.5, 0.5, 0.5, 0.5, 0.5, 0.5, 0.5, 0.5, 0.5, 0.5, 0.5, 0.5, 0.5, 0.5, 0.5, 0.5, 0.5, 0.5, 0.5, 0.5, 0.53333336, 0.5, 0.5, 0.5, 0.5, 0.56666666, 0.5, 0.5, 0.5, 0.5, 0.5, 0.5, 0.5, 0.5, 0.5, 0.5, 0.5, 0.5, 0.53333336, 0.5, 0.5, 0.5, 0.5, 0.73333335, 0.6666667, 0.5, 0.5, 0.53333336, 0.6666667, 0.6333333, 0.53333336, 0.5, 0.8333333, 0.8, 0.5, 0.76666665, 0.56666666, 0.6666667, 0.53333336, 0.7, 0.8666667, 0.7, 0.6666667, 0.6, 0.8, 0.8, 0.6666667, 0.8, 0.8666667, 0.8666667, 0.56666666, 0.76666665, 0.73333335, 0.8, 0.8, 0.76666665, 0.7, 0.8333333, 0.7, 0.7, 0.8, 0.8, 0.8, 0.8333333, 0.8333333, 0.76666665, 0.8333333, 0.7, 0.7, 0.8333333, 0.76666665, 0.8333333, 0.56666666, 0.8, 0.8, 0.8, 0.8666667, 0.8333333, 0.76666665, 0.9, 0.76666665, 0.8333333, 0.73333335, 0.9, 0.76666665, 0.8666667, 0.8666667, 0.9, 0.73333335, 0.93333334, 0.96666664, 0.9, 0.8, 0.8333333, 0.93333334, 0.8666667, 0.9, 0.8, 0.93333334, 0.8666667, 0.8333333, 0.8, 0.93333334, 0.8, 0.96666664, 0.9, 0.8666667, 0.96666664, 0.9, 0.96666664, 0.9, 0.93333334, 0.6, 0.8666667, 0.8666667, 0.8666667, 0.93333334, 0.93333334, 0.8, 0.9, 0.6666667, 0.7, 0.6666667, 0.93333334, 0.6333333, 0.96666664, 0.8666667, 0.8333333, 0.8, 0.9, 0.8666667, 0.9, 0.8, 0.8333333, 0.9, 0.8666667, 0.9, 0.8666667, 0.7, 0.8666667, 0.8666667, 0.8, 0.56666666, 0.9, 0.8666667, 0.93333334, 0.9, 0.7, 0.9, 0.7, 0.9, 0.8666667, 0.6666667, 0.8666667, 0.9, 0.53333336, 0.8, 0.8333333, 0.6333333, 0.7, 0.8, 0.7, 0.76666665, 0.8333333, 0.8333333, 0.8, 0.8, 0.8, 0.8, 0.76666665, 0.7, 0.8333333, 0.7]
top train : [1.0]
top valid : [0.96666664]
avg train top : 1.0 , avg vaidation top : 0.9666666388511658
saturation train : [0.88]
saturation valid : [0.76]
avg saturation train : 0.8799999952316284 , avg saturation vaidation : 0.7599999904632568

fold 1
train : [0.6, 0.3, 0.5, 0.5, 0.8, 0.5, 0.3, 0.5, 0.8, 0.2, 0.3, 0.9, 0.4, 0.2, 0.6, 0.4, 0.4, 0.7, 0.8, 0.3, 0.4, 0.7, 0.2, 0.6, 0.5, 0.6, 0.6, 0.7, 0.1, 0.7, 0.8, 0.6, 0.5, 0.5, 0.9, 0.5, 0.8, 0.9, 0.8, 0.8, 0.5, 0.6, 0.9, 0.7, 0.9, 0.6, 0.8, 0.8, 0.6, 0.8, 0.9, 0.7, 0.9, 1.0, 1.0, 0.7, 0.9, 1.0, 0.9, 0.9, 0.8, 1.0, 0.9, 0.9, 0.5, 0.9, 0.7, 0.8, 0.7, 0.9, 0.9, 0.9, 0.9, 1.0, 0.7, 0.8, 0.7, 1.0, 0.7, 0.7, 0.7, 0.7, 0.9, 0.8, 0.9, 0.8, 0.9, 0.9, 0.8, 0.8, 0.8, 0.8, 0.9, 0.9, 0.9, 0.7, 1.0, 1.0, 0.8, 0.9, 1.0, 0.7, 0.8, 1.0, 0.7, 0.7, 0.9, 0.6, 0.9, 0.7, 0.9, 0.8, 1.0, 1.0, 0.7, 1.0, 1.0, 0.9, 0.8, 0.9, 0.9, 1.0, 1.0, 0.7, 0.9, 0.8, 0.8, 1.0, 0.9, 0.8, 0.9, 1.0, 0.8, 0.9, 1.0, 0.9, 0.8, 1.0, 0.7, 0.7, 0.9, 0.9, 0.9, 1.0, 0.9, 0.9, 1.0, 0.8, 0.9, 0.9, 0.8, 0.8, 1.0, 1.0, 0.9, 1.0, 0.9, 1.0, 1.0, 1.0, 0.9, 0.6, 1.0, 1.0, 0.9, 1.0, 0.9, 1.0, 0.9, 0.9, 0.9, 0.9, 1.0, 0.8, 1.0, 0.9, 1.0, 0.8, 0.8, 0.9, 1.0, 0.9, 0.9, 1.0, 0.8, 1.0, 0.9, 1.0, 0.9, 1.0, 1.0, 0.9, 0.9, 1.0, 0.9, 0.9, 1.0, 1.0, 0.9, 1.0]
valid : [0.5, 0.5, 0.56666666, 0.5, 0.5, 0.5, 0.5, 0.5, 0.5, 0.5, 0.56666666, 0.5, 0.5, 0.5, 0.5, 0.8, 0.5, 0.5, 0.5, 0.5, 0.5, 0.5, 0.5, 0.6, 0.6, 0.5, 0.5, 0.5, 0.76666665, 0.56666666, 0.53333336, 0.5, 0.76666665, 0.7, 0.73333335, 0.56666666, 0.76666665, 0.8, 0.6666667, 0.73333335, 0.7, 0.73333335, 0.73333335, 0.76666665, 0.6666667, 0.8, 0.76666665, 0.8, 0.76666665, 0.8, 0.6666667, 0.8333333, 0.6333333, 0.76666665, 0.76666665, 0.53333336, 0.76666665, 0.76666665, 0.7, 0.76666665, 0.76666665, 0.7, 0.8, 0.8666667, 0.6666667, 0.76666665, 0.6, 0.8666667, 0.8333333, 0.76666665, 0.8, 0.76666665, 0.8666667, 0.73333335, 0.6666667, 0.73333335, 0.8333333, 0.8333333, 0.76666665, 0.76666665, 0.8, 0.8333333, 0.8333333, 0.76666665, 0.8333333, 0.8666667, 0.8666667, 0.76666665, 0.8333333, 0.6333333, 0.8333333, 0.8666667, 0.8, 0.8666667, 0.8666667, 0.8666667, 0.8333333, 0.8666667, 0.8, 0.8666667, 0.8666667, 0.8333333, 0.7, 0.6333333, 0.8, 0.8666667, 0.8, 0.76666665, 0.8333333, 0.8, 0.8333333, 0.6333333, 0.8666667, 0.8666667, 0.8, 0.8666667, 0.73333335, 0.73333335, 0.8666667, 0.8666667, 0.8, 0.8666667, 0.8, 0.8, 0.6666667, 0.8666667, 0.76666665, 0.8666667, 0.7, 0.8333333, 0.8, 0.8666667, 0.8666667, 0.8333333, 0.8333333, 0.8666667, 0.8666667, 0.8666667, 0.8, 0.8666667, 0.7, 0.8333333, 0.9, 0.8666667, 0.8666667, 0.8, 0.8666667, 0.8666667, 0.8333333, 0.8666667, 0.8, 0.8666667, 0.76666665, 0.9, 0.8333333, 0.8666667, 0.73333335, 0.8333333, 0.8333333, 0.6333333, 0.8333333, 0.8, 0.8, 0.8333333, 0.8, 0.8333333, 0.8666667, 0.8666667, 0.76666665, 0.8666667, 0.8333333, 0.8666667, 0.8333333, 0.8333333, 0.8666667, 0.8666667, 0.8333333, 0.8, 0.8, 0.8, 0.8666667, 0.8, 0.8333333, 0.8, 0.7, 0.8666667, 0.8, 0.8666667, 0.6666667, 0.8666667, 0.8666667, 0.8666667, 0.8333333, 0.8, 0.8, 0.8666667, 0.76666665, 0.8666667, 0.8333333, 0.7]
top train : [1.0]
top valid : [0.9]
top valid index : [(array([142, 153]),)]
avg train top : 1.0 , avg vaidation top : 0.8999999761581421
saturation train : [0.96000004]
saturation valid : [0.8066667]
avg saturation train : 0.9600000381469727 , avg saturation vaidation : 0.8066666722297668

fold 0
top train : [1.0]
top valid : [0.6666667]
top valid index : [(array([15, 29, 30, 47]),)]
avg train top : 1.0 , avg vaidation top : 0.6666666865348816
saturation train : [0.9]
saturation valid : [0.56000006]
avg saturation train : 0.8999999761581421 , avg saturation vaidation : 0.5600000619888306

fold3
train : [0.5, 0.1, 0.6, 0.6, 0.5, 0.4, 0.3, 0.6, 0.6, 0.5, 0.6, 0.5, 0.5, 0.4, 0.6, 0.4, 0.4, 0.5, 0.6, 0.6, 0.7, 0.6, 0.8, 0.5, 0.6, 0.7, 0.6, 0.7, 0.8, 0.7, 0.4, 0.5, 0.8, 0.5, 0.6, 0.8, 0.8, 0.8, 0.6, 0.8, 0.7, 0.7, 0.9, 1.0, 0.6, 0.5, 0.8, 0.7, 0.8, 0.8, 0.4, 0.6, 0.7, 0.9, 0.9, 0.6, 0.9, 0.9, 0.9, 0.9, 0.8, 0.7, 0.6, 0.6, 0.6, 0.8, 0.7, 1.0, 0.9, 1.0, 0.8, 0.9, 0.8, 1.0, 1.0, 0.7, 0.9, 0.9, 0.7, 0.9, 0.9, 0.9, 1.0, 0.6, 0.7, 1.0, 0.8, 0.9, 0.9, 0.8, 0.7, 0.9, 0.8, 0.9, 0.9, 0.9, 0.9, 0.9, 0.8, 1.0, 0.8, 0.8, 0.9, 1.0, 1.0, 1.0, 1.0, 0.9, 0.8, 0.9, 0.9, 1.0, 0.7, 0.9, 0.7, 0.9, 0.9, 0.9, 0.9, 0.8, 0.9, 0.9, 0.8, 0.9, 1.0, 1.0, 1.0, 0.9, 0.9, 0.7, 0.8, 0.9, 1.0, 0.7, 0.8, 0.8, 0.7, 1.0, 1.0, 0.9, 0.8, 0.9, 1.0, 0.9, 1.0, 0.9, 1.0, 1.0, 0.9, 0.9, 1.0, 1.0, 0.9, 0.8, 0.9, 1.0, 1.0, 1.0, 1.0, 0.9, 1.0, 0.9, 0.7, 1.0, 0.7, 0.5, 0.9, 1.0, 1.0, 0.9, 1.0, 0.8, 1.0, 0.8, 0.9, 0.9, 1.0, 1.0, 1.0, 1.0, 0.9, 1.0, 0.9, 1.0, 0.9, 1.0, 1.0, 1.0, 0.9, 0.8, 0.9, 1.0, 1.0, 0.8, 0.8, 0.9, 0.8, 0.9, 0.9, 1.0]
valid : [0.5, 0.5, 0.5, 0.5, 0.5, 0.5, 0.5, 0.6333333, 0.5, 0.5, 0.5, 0.56666666, 0.5, 0.53333336, 0.5, 0.5, 0.76666665, 0.73333335, 0.6666667, 0.5, 0.5, 0.73333335, 0.53333336, 0.6666667, 0.53333336, 0.53333336, 0.73333335, 0.6, 0.76666665, 0.73333335, 0.6, 0.73333335, 0.6, 0.76666665, 0.6333333, 0.73333335, 0.76666665, 0.76666665, 0.7, 0.6666667, 0.73333335, 0.73333335, 0.76666665, 0.76666665, 0.76666665, 0.76666665, 0.6666667, 0.8, 0.7, 0.76666665, 0.73333335, 0.6666667, 0.76666665, 0.8, 0.73333335, 0.8333333, 0.76666665, 0.7, 0.8333333, 0.7, 0.8, 0.76666665, 0.7, 0.76666665, 0.76666665, 0.73333335, 0.73333335, 0.7, 0.76666665, 0.73333335, 0.8, 0.76666665, 0.76666665, 0.7, 0.8, 0.8, 0.76666665, 0.8333333, 0.76666665, 0.76666665, 0.8, 0.73333335, 0.73333335, 0.76666665, 0.76666665, 0.6666667, 0.6333333, 0.8, 0.7, 0.73333335, 0.8, 0.73333335, 0.7, 0.76666665, 0.76666665, 0.76666665, 0.73333335, 0.76666665, 0.6333333, 0.7, 0.73333335, 0.7, 0.73333335, 0.76666665, 0.76666665, 0.73333335, 0.7, 0.76666665, 0.73333335, 0.6666667, 0.76666665, 0.7, 0.73333335, 0.8333333, 0.7, 0.76666665, 0.73333335, 0.73333335, 0.8, 0.7, 0.73333335, 0.73333335, 0.7, 0.7, 0.76666665, 0.76666665, 0.7, 0.73333335, 0.7, 0.73333335, 0.7, 0.76666665, 0.73333335, 0.7, 0.5, 0.6333333, 0.73333335, 0.76666665, 0.76666665, 0.73333335, 0.8, 0.73333335, 0.73333335, 0.73333335, 0.73333335, 0.73333335, 0.73333335, 0.7, 0.73333335, 0.73333335, 0.73333335, 0.73333335, 0.73333335, 0.76666665, 0.73333335, 0.7, 0.7, 0.7, 0.73333335, 0.73333335, 0.73333335, 0.73333335, 0.76666665, 0.76666665, 0.73333335, 0.7, 0.76666665, 0.76666665, 0.73333335, 0.76666665, 0.73333335, 0.76666665, 0.76666665, 0.76666665, 0.73333335, 0.7, 0.73333335, 0.73333335, 0.7, 0.73333335, 0.73333335, 0.73333335, 0.7, 0.76666665, 0.8, 0.76666665, 0.76666665, 0.73333335, 0.76666665, 0.76666665, 0.73333335, 0.76666665, 0.76666665, 0.7, 0.73333335, 0.76666665, 0.76666665, 0.76666665, 0.7, 0.76666665]
top train : [1.0]
top valid : [0.8333333]
top valid index : [(array([ 55,  58,  77, 113]),)]
avg train top : 1.0 , avg vaidation top : 0.8333333134651184
saturation train : [0.9]
saturation valid : [0.75333333]
avg saturation train : 0.8999999761581421 , avg saturation vaidation : 0.753333330154419
