<< fold 0 result>>
CNN lh and rh model
masking : False
train : [0.4, 0.6, 0.5, 0.7, 0.56666666, 0.6333333, 0.73333335, 0.6666667, 0.8333333, 0.8666667, 0.7, 0.8666667, 0.7, 0.76666665, 0.93333334, 0.9, 1.0, 0.8333333, 0.9, 0.96666664, 1.0, 1.0, 0.96666664, 0.96666664, 1.0, 0.96666664, 1.0, 1.0, 1.0, 1.0]
valid : [0.5, 0.5, 0.5, 0.76666665, 0.56666666, 0.6, 0.6, 0.8, 0.73333335, 0.76666665, 0.7, 0.7, 0.7, 0.6666667, 0.73333335, 0.73333335, 0.7, 0.7, 0.73333335, 0.76666665, 0.6333333, 0.76666665, 0.6333333, 0.73333335, 0.73333335, 0.73333335, 0.76666665, 0.73333335, 0.73333335, 0.8]
<< fold 1 result>>
CNN lh and rh model
masking : False
train : [0.5, 0.43333334, 0.6333333, 0.53333336, 0.6, 0.6666667, 0.6333333, 0.76666665, 0.56666666, 0.6333333, 0.76666665, 0.8333333, 0.8333333, 0.76666665, 0.8333333, 0.9, 0.93333334, 0.9, 0.96666664, 0.9, 1.0, 1.0, 1.0, 1.0, 1.0, 1.0, 1.0, 1.0, 1.0, 1.0]
valid : [0.5, 0.5, 0.5, 0.6, 0.6666667, 0.76666665, 0.7, 0.6666667, 0.53333336, 0.53333336, 0.73333335, 0.8, 0.8, 0.8, 0.73333335, 0.7, 0.56666666, 0.8, 0.6666667, 0.7, 0.6666667, 0.73333335, 0.6333333, 0.7, 0.8, 0.6666667, 0.73333335, 0.8333333, 0.73333335, 0.6333333]
<< fold 2 result>>
CNN lh and rh model
masking : False
train : [0.53333336, 0.56666666, 0.6666667, 0.4, 0.8666667, 0.76666665, 0.76666665, 0.9, 0.9, 0.8666667, 0.96666664, 0.96666664, 1.0, 0.93333334, 0.96666664, 0.9, 0.96666664, 1.0, 1.0, 0.93333334, 1.0, 1.0, 1.0, 1.0, 1.0, 1.0, 1.0, 1.0, 1.0, 1.0]
valid : [0.46666667, 0.5, 0.5, 0.6333333, 0.6333333, 0.8, 0.7, 0.7, 0.6, 0.6666667, 0.8, 0.76666665, 0.6666667, 0.8333333, 0.6666667, 0.6666667, 0.8666667, 0.6666667, 0.7, 0.8, 0.7, 0.7, 0.8, 0.7, 0.76666665, 0.7, 0.76666665, 0.7, 0.73333335, 0.7]
<< fold 3 result>>
CNN lh and rh model
masking : False
train : [0.6, 0.53333336, 0.53333336, 0.36666667, 0.8, 0.8, 0.8333333, 0.76666665, 0.8333333, 0.73333335, 0.8333333, 0.76666665, 0.8333333, 0.7, 0.8, 0.8333333, 0.8666667, 0.8333333, 0.93333334, 0.93333334, 1.0, 0.93333334, 0.96666664, 0.96666664, 0.96666664, 1.0, 1.0, 1.0, 1.0, 1.0]
valid : [0.5, 0.5, 0.5, 0.5, 0.56666666, 0.56666666, 0.46666667, 0.56666666, 0.6, 0.5, 0.53333336, 0.6, 0.6, 0.6, 0.53333336, 0.6666667, 0.6, 0.6333333, 0.7, 0.7, 0.73333335, 0.73333335, 0.73333335, 0.73333335, 0.73333335, 0.73333335, 0.73333335, 0.76666665, 0.6333333, 0.73333335]
<< fold 4 result>>
CNN lh and rh model
masking : False
train : [0.46666667, 0.53333336, 0.43333334, 0.76666665, 0.5, 0.53333336, 0.93333334, 0.76666665, 0.73333335, 0.8, 0.8333333, 0.8, 0.96666664, 1.0, 0.93333334, 0.96666664, 0.93333334, 0.9, 0.93333334, 1.0, 0.93333334, 0.8666667, 1.0, 1.0, 1.0, 1.0, 1.0, 1.0, 1.0, 1.0]
valid : [0.5, 0.5, 0.6052632, 0.68421054, 0.5, 0.84210527, 0.8947368, 0.7894737, 0.7368421, 0.7105263, 0.84210527, 0.81578946, 0.7631579, 0.8684211, 0.81578946, 0.7631579, 0.7368421, 0.81578946, 0.81578946, 0.7368421, 0.7894737, 0.7368421, 0.84210527, 0.84210527, 0.7105263, 0.7631579, 0.7368421, 0.81578946, 0.7368421, 0.7894737]

